LIDAR_ACCURACY	Result
0.5	0.142857140047
0.51	0.141732140139
0.52	0.140607140227
0.53	0.139482136385
0.54	0.138357136582
0.55	0.137232136769
0.56	0.136107136947
0.57	0.134982137116
0.58	0.133857137278
0.59	0.132732137433
0.6	0.13160713758
0.61	0.130482137722
0.62	0.129357137857
0.63	0.128232137987
0.64	0.127107138112
0.65	0.125982138232
0.66	0.124857138347
0.67	0.123732138458
0.68	0.122607138565
0.69	0.121482138668
0.7	0.120357138767
0.71	0.119232138863
0.72	0.118107138956
0.73	0.116982139046
0.74	0.115857139132
0.75	0.114732139217
0.76	0.113607139298
0.77	0.112482139377
0.78	0.111357139454
0.79	0.110232139529
0.8	0.109107139602
0.81	0.107982139672
0.82	0.106857139741
0.83	0.105732139808
0.84	0.104607139874
0.85	0.103482139937
0.86	0.102357139999
0.87	0.101232140061
0.88	0.100107140121
0.89	0.0989821401793
0.9	0.0978571402365
0.91	0.0967321402937
0.92	0.095607140351
0.93	0.0944821404072
0.94	0.0933571404692
0.95	0.0922321405745
0.96	0.0911538461538
0.97	0.0911538461538
0.98	0.0911538461538
0.99	0.0911538461538
