LIDAR_ACCURACY	Result
0.5	0.284607101196
0.51	0.283482107193
0.52	0.282357112286
0.53	0.281232116616
0.54	0.280107120299
0.55	0.278982104504
0.56	0.277857109501
0.57	0.276732113794
0.58	0.275607117487
0.59	0.274482120666
0.6	0.273357123405
0.61	0.272232107473
0.62	0.271107111455
0.63	0.269982114925
0.64	0.268857117952
0.65	0.267732120598
0.66	0.266607122912
0.67	0.26548212494
0.68	0.26435712672
0.69	0.263232128285
0.7	0.262107129662
0.71	0.260982130877
0.72	0.259857118546
0.73	0.258732120536
0.74	0.257607122311
0.75	0.256482123899
0.76	0.255357125321
0.77	0.254232126597
0.78	0.253107127744
0.79	0.251982128777
0.8	0.250857129709
0.81	0.249732130553
0.82	0.248607131317
0.83	0.247482132011
0.84	0.246357132642
0.85	0.245232133217
0.86	0.244107133742
0.87	0.242982134222
0.88	0.241857134663
0.89	0.240732135067
0.9	0.239607135439
0.91	0.238482126036
0.92	0.237357126758
0.93	0.236232127428
0.94	0.235107128051
0.95	0.233982128632
0.96	0.232857129174
0.97	0.23173212968
0.98	0.230607130154
0.99	0.229482130598
