LIDAR_ACCURACY	Result
0.5	0.272357122512
0.51	0.271232123993
0.52	0.270107125325
0.53	0.268982126526
0.54	0.26785712761
0.55	0.266732128589
0.56	0.265607129476
0.57	0.264482130281
0.58	0.263357131013
0.59	0.262232131679
0.6	0.261107118966
0.61	0.259982120164
0.62	0.258857121266
0.63	0.257732122281
0.64	0.256607123219
0.65	0.255482124086
0.66	0.25435712489
0.67	0.253232125636
0.68	0.25210712633
0.69	0.250982126976
0.7	0.249857127579
0.71	0.248732128142
0.72	0.247607128669
0.73	0.246482129162
0.74	0.245357129626
0.75	0.244232130062
0.76	0.243107130472
0.77	0.241982130858
0.78	0.240857131223
0.79	0.239732131568
0.8	0.238607131894
0.81	0.237482132203
0.82	0.236357132497
0.83	0.235232132777
0.84	0.234107133043
0.85	0.232982133297
0.86	0.23185713354
0.87	0.230732133771
0.88	0.229607133992
0.89	0.228482134203
0.9	0.227357134408
0.91	0.226232134605
0.92	0.225107134793
0.93	0.223982134974
0.94	0.222857135147
0.95	0.221789542841
0.96	0.220654158972
0.97	0.219529874632
0.98	0.218412548896
0.99 0.2172359841269