CAMERA_NOISE_LEVEL	Result
0	0.0853571411647
0.02	0.0853571411647
0.04	0.0853571411647
0.06	0.0853571411647
0.08	0.0866071406827
0.1	0.088357140586
0.12	0.0901071405018
0.14	0.0918571404172
0.16	0.0936071403314
0.18	0.0953571402425
0.2	0.0971071401514
0.22	0.0988571400571
0.24	0.100607139959
0.26	0.102357139857
0.28	0.10410713975
0.3	0.105857139639
0.32	0.107607139523
0.34	0.109357139402
0.36	0.111107139275
0.38	0.112857139141
0.4	0.114607139
0.42	0.116357138851
0.44	0.118107138694
0.46	0.119857138527
0.48	0.121607138351
0.5	0.123357138163
0.52	0.125107137963
0.54	0.126857137749
0.56	0.128607137521
0.58	0.130357137275
0.6	0.13210713701
0.62	0.133857136724
0.64	0.135607140321
0.66	0.137357140186
0.68	0.139107140038
0.7	0.140857139876
0.72	0.142607139698
0.74	0.144357139501
0.76	0.146107139283
0.78	0.147857139039
0.8	0.149607138766
