CAMERA_NOISE_LEVEL	Result
0	0.213857127644
0.02	0.215607127146
0.04	0.217357126628
0.06	0.219107126096
0.08	0.220857135439
0.1	0.222607135185
0.12	0.224357134914
0.14	0.226107134626
0.16	0.227857134318
0.18	0.229607133992
0.2	0.231357133644
0.22	0.233107133269
0.24	0.234857132867
0.26	0.236607132433
0.28	0.238357131964
0.3	0.240107131455
0.32	0.2418571309
0.34	0.243607130292
0.36	0.245357129626
0.38	0.247107128892
0.4	0.248857128081
0.42	0.250607127182
0.44	0.25235712618
0.46	0.254107125061
0.48	0.255857123805
0.5	0.257607122389
0.52	0.259357120787
0.54	0.261107118966
0.56	0.262857131316
0.58	0.264607130195
0.6	0.266357128895
0.62	0.268107127378
0.64	0.269857125603
0.66	0.271607123517
0.68	0.273357121052
0.7	0.275107118126
0.72	0.276857114636
0.74	0.278607110455
0.76	0.280357125081
0.78	0.282107121986
0.8	0.283857118193
