CAMERA_NOISE_LEVEL	Result
0	0.225982131816
0.02	0.227732131236
0.04	0.229482130598
0.06	0.231232129895
0.08	0.232982129116
0.1	0.23473212825
0.12	0.236482127283
0.14	0.238232126201
0.16	0.239982135319
0.18	0.241732134709
0.2	0.243482134014
0.22	0.245232133217
0.24	0.246982132299
0.26	0.248732131236
0.28	0.25048213
0.3	0.252232128556
0.32	0.253982126862
0.34	0.255732124864
0.36	0.257482122496
0.38	0.259232119679
0.4	0.260982130877
0.42	0.262732128919
0.44	0.264482126534
0.46	0.266232123618
0.48	0.26798212004
0.5	0.269732115634
0.52	0.271482110188
0.54	0.273232103437
0.56	0.274982119311
0.58	0.276732113794
0.6	0.278482106819
0.62	0.280232119918
0.64	0.281982113808
0.66	0.283732105943
0.68	0.285482117867
0.7	0.287232110503
0.72	0.288982100873
0.74	0.290732112741
0.76	0.292482103139
0.78	0.29423209041
0.8	0.295982103162
